$ 1 1.0E-6 10.20027730826997 50 3.3 50 5.0E-11
R 80 320 32 320 0 1 100.0 5.0 0.0 0.0 0.5
w 80 320 144 320 0
r 144 320 208 320 0 499000.0
r 208 320 272 320 0 499000.0
w 144 320 144 256 0
w 272 320 272 256 0
c 144 256 272 256 0 6.8E-12 0
w 272 320 336 320 0
r 336 320 336 256 0 125000.0
R 336 256 336 224 0 0 40.0 3.3 0.0 0.0 0.5
r 336 320 336 384 0 143000.0
g 336 384 336 416 0
w 336 320 400 320 0
c 400 320 400 384 0 8.2E-11 0
g 400 384 400 416 0
w 400 320 464 320 0
d 464 320 464 256 0
R 464 256 464 224 0 0 40.0 3.3 0.0 0.0 0.5
d 464 384 464 320 0
g 464 384 464 416 0
w 464 320 544 320 0
a 544 304 640 304 0 3.3 0.0 1000000.0
w 640 304 640 224 0
r 640 224 544 224 0 10000.0
w 544 224 544 288 0
r 544 224 544 160 0 2670.0
w 640 304 704 304 0
r 704 304 768 304 0 2670.0
r 768 304 832 304 0 2670.0
w 832 304 848 304 0
a 848 288 944 288 0 3.3 0.0 1000000.0
w 944 288 944 224 0
w 944 224 848 224 0
w 848 224 848 272 0
w 944 288 944 368 0
c 944 368 768 368 0 2.2E-9 0
w 768 368 768 304 0
c 848 304 848 448 0 1.0E-9 0
w 944 288 1008 288 0
r 1008 288 1072 288 0 1000.0
c 1072 288 1072 368 0 1.0E-9 0
g 1072 368 1072 400 0
O 1072 288 1136 288 0
R 96 400 96 368 0 0 40.0 3.3 0.0 0.0 0.5
r 96 400 96 464 0 10000.0
r 96 464 96 528 0 10000.0
g 96 528 96 560 0
w 96 464 160 464 0
c 160 464 160 528 0 1.0E-6 1.65
g 160 528 160 560 0
a 224 448 320 448 0 3.3 0.0 1000000.0
w 160 464 224 464 0
w 320 448 320 400 0
w 320 400 224 400 0
w 224 400 224 432 0
w 320 448 848 448 0
w 848 448 1200 448 0
w 1200 448 1200 160 0
w 1200 160 544 160 0
