$ 1 1.0E-6 10.20027730826997 50 3.3 50 5.0E-11
R 80 200 32 200 0 1 1000.0 1.0 0.0 0.0 0.5
w 80 200 144 200 0
c 144 200 208 200 0 1.0E-6 -1.65
r 208 200 208 136 0 100000.0
R 208 136 208 104 0 0 40.0 3.3 0.0 0.0 0.5
r 208 200 208 264 0 100000.0
g 208 264 208 296 0
w 208 200 288 200 0
a 288 184 384 184 0 3.3 0.0 1000000.0
w 384 184 384 136 0
w 384 136 288 136 0
w 288 136 288 168 0
w 384 184 416 184 0
r 416 184 480 184 0 1000.0
c 480 184 480 248 0 4.7E-9 0
g 480 248 480 280 0
O 480 184 544 184 0
R 80 400 32 400 0 1 1000.0 1.0 1.65 0.0 0.5
w 80 400 288 400 0
a 288 384 384 384 0 3.3 0.0 1000000.0
w 384 384 384 336 0
w 384 336 288 336 0
w 288 336 288 368 0
w 384 384 416 384 0
r 416 384 480 384 0 1000.0
c 480 384 480 448 0 4.7E-9 0
g 480 448 480 480 0
O 480 384 544 384 0
